82
13
91
84
12
97
92
22
63
31
9
55
28
19
55
100
96
100
97
97
15
73
98
99
96
11
49
80
80
29
14
0
42
11
92
64
80
88
96
50
66
80
3
36
85
21
94
68
68
40
76
74
75
47
39
42
66
17
17
30
71
80
3
31
27
88
4
15
9
100
83
83
70
12
32
77
95
49
3
67
44
12
38
21
77
5
80
3
18
41
49
46
45
49
65
80
71
93
76
81
27
71
68
0
66
71
16
65
12
46
50
78
96
57
34
88
59
81
22
1
75
82
25
82
51
94
70
41
89
42
96
58
55
15
14
76
15
23
26
81
84
99
25
33
82
30
24
1
93
21
35
91
19
85
25
96
62
78
47
99
35
6
83
80
59
60
55
74
92
70
28
68
76
39
76
56
38
21
57
53
7
40
5
35
53
59
78
35
94
97
13
15
57
39
47
39
1
73
34
39
16
93
80
44
31
87
53
62
16
12
60
47
26
34
66
53
69
72
75
99
45
72
8
92
23
51
92
56
15
50
83
46
54
55
100
45
7
86
44
61
10
50
97
98
0
3
78
98
82
36
87
68
8
34
40
86
26
4
80
66
43
75
91
13
18
99
26
9
14
28
13
81
87
7
58
63
55
0
14
68
86
53
62
44
35
20
51
13
40
38
7
77
24
4
12
25
18
50
24
83
42
99
5
83
91
30
95
4
49
25
49
54
34
89
90
34
37
3
11
16
78
88
39
21
24
27
40
49
9
22
13
49
95
96
96
65
58
76
6
43
23
55
35
5
82
32
1
40
4
91
17
81
65
26
73
13
65
49
45
38
55
72
29
29
75
62
19
81
69
31
18
38
37
34
63
82
78
67
8
38
93
46
78
30
49
91
44
49
45
76
30
10
51
39
51
87
82
36
80
92
65
54
38
14
81
20
53
95
35
100
94
24
88
1
55
39
62
78
59
48
20
54
30
1
47
90
23
19
85
89
19
44
22
14
17
24
22
80
44
47
31
9
93
65
43
63
18
59
91
73
98
35
44
68
11
71
26
16
41
13
60
45
26
4
60
80
71
16
22
83
11
32
29
66
32
42
42
78
51
11
8
100
26
18
80
77
2
26
93
24
73
10
49
34
58
28
23
97
46
21
97
61
55
22
52
19
23
40
49
41
63
17
68
30
39
64
37
15
99
77
3
89
89
96
92
1
80
58
9
77
26
33
33
13
68
29
13
85
72
23
10
50
66
0
49
1
78
28
72
9
91
38
89
35
33
72
70
6
19
51
3
42
75
69
50
25
48
40
91
26
61
94
62
47
86
61
81
49
58
51
18
24
24
33
89
50
2
60
49
31
16
97
98
23
71
75
50
32
47
32
6
96
68
54
4
88
7
94
52
67
9
29
82
6
82
23
72
71
15
19
66
42
52
94
98
14
65
64
80
47
45
44
43
24
83
51
8
91
13
7
17
72
39
62
83
19
81
40
6
28
40
86
53
91
42
62
66
18
63
52
29
83
43
36
1
82
99
29
16
17
10
49
37
19
20
87
49
20
34
62
96
88
92
39
5
95
74
16
27
98
42
56
55
60
95
13
42
57
99
55
30
31
70
12
67
74
54
24
70
83
67
18
17
31
12
89
100
68
17
74
3
6
56
13
89
9
67
0
19
46
37
64
46
53
99
50
15
33
86
25
65
23
38
17
19
60
43
73
48
88
12
71
59
23
22
48
38
1
58
75
25
66
29
7
62
47
26
100
83
53
99
90
73
78
34
20
58
91
10
37
91
85
88
32
82
33
26
66
60
59
2
4
42
77
31
49
16
49
18
43
42
39
9
78
60
98
47
75
70
64
70
7
64
63
3
53
6
29
32
32
53
63
66
100
41
52
82
73
72
24
97
33
53
75
32
68
10
68
61
7
78
46
42
70
9
6
26
6
15
53
28
26
44
48
53
13
46
9
88
12
52
97
95
76
64
27
96
73
24
41
68
47
29
5
67
61
70
49
6
91
25
94
22
92
67
30
85
79
34
22
78
45
68
51
0
23
60
71
39
99
92
66
0
27
46
47
42
0
46
45
77
98
32
30
79
21
47
25
3
81
17
49
72
41
47
21
15
54
34
73
61
28
19
54
74
76
24
33
92
80
27
86
77
1
19
89
29
59
9
8
58
93
69
92
55
99
42
90
65
95
65
94
68
0
64
78
95
2
21
59
71
65
23
33
12
11
61
12
45
98
46
53
66
66
77
71
35
6
66
20
42
43
85
1
84
6
25
34
61
31
